﻿<?xml version="1.0" encoding="utf-8"?>
<XnaContent xmlns:Graphics="Microsoft.Xna.Framework.Content.Pipeline.Graphics" xmlns:Framework="Microsoft.Xna.Framework">
  <Asset Type="Graphics:NodeContent">
    <Name>RootNode</Name>
    <Identity>
      <SourceFilename>C:\school\Quarter7\capstone\CollectiveConscious\Vendor\DigitalRune-Engine\Samples(Trial)\Content\Marine\Run.fbx</SourceFilename>
      <SourceTool>FbxImporter</SourceTool>
    </Identity>
    <Transform>1 0 0 0 0 1 0 0 0 0 1 0 0 0 0 1</Transform>
    <Children>
      <Child>
        <Name>Root</Name>
        <OpaqueData>
          <Data Key="MaxHandle" Type="int">2</Data>
        </OpaqueData>
        <Transform>1 0 0 0 0 1 4.371139E-08 0 0 -4.371139E-08 1 0 0 0 0 1</Transform>
      </Child>
      <Child>
        <Name>L_FOOT</Name>
        <OpaqueData>
          <Data Key="MaxHandle" Type="int">28</Data>
        </OpaqueData>
        <Transform>1 0 0 0 0 0.8660254 -0.4999999 0 0 0.4999999 0.8660254 0 -3.47577763 -1.29214728 5.49149275 1</Transform>
        <Children>
          <Child>
            <Name>L_HEEL</Name>
            <OpaqueData>
              <Data Key="MaxHandle" Type="int">29</Data>
            </OpaqueData>
            <Transform>1 0 0 0 0 1.00000024 -4.76263935E-08 0 0 4.76263935E-08 1.00000024 0 -0.191048145 1.82681715 0.8230431 1</Transform>
            <Children>
              <Child>
                <Name>ikHandle1</Name>
                <OpaqueData>
                  <Data Key="MaxHandle" Type="int">30</Data>
                </OpaqueData>
                <Transform>0.9999999 0 0 0 0 0.999999762 3.37950681E-08 0 0 -3.37950681E-08 0.999999762 0 2.09832239 1.80244315 -0.90348196 1</Transform>
              </Child>
            </Children>
          </Child>
          <Child>
            <Name>ikHandle2</Name>
            <OpaqueData>
              <Data Key="MaxHandle" Type="int">31</Data>
            </OpaqueData>
            <Transform>1 0 0 0 0 1.00000024 -4.76263935E-08 0 0 4.76263935E-08 1.00000024 0 2.098359 0.404602826 2.284277 1</Transform>
          </Child>
          <Child>
            <Name>L_TOE</Name>
            <OpaqueData>
              <Data Key="MaxHandle" Type="int">32</Data>
            </OpaqueData>
            <Transform>1 0 0 0 0 1.00000024 -4.76263935E-08 0 0 4.76263935E-08 1.00000024 0 -2.38418579E-07 4.38136638E-08 -5.618058E-08 1</Transform>
            <Children>
              <Child>
                <Name>ikHandle3</Name>
                <OpaqueData>
                  <Data Key="MaxHandle" Type="int">33</Data>
                </OpaqueData>
                <Transform>0.9999999 0 0 0 0 0.999999762 3.37950681E-08 0 0 -3.37950681E-08 0.999999762 0 2.09834671 0.302321732 3.937819 1</Transform>
              </Child>
            </Children>
          </Child>
        </Children>
        <Animations>
          <Animation Key="Run">
            <Name>Run</Name>
            <Duration>PT1.25S</Duration>
            <Channels>
              <Channel Key="L_FOOT">
                <Keyframe>
                  <Time>PT0S</Time>
                  <Transform>1 0 0 0 0 0.8660254 -0.4999999 0 0 0.4999999 0.8660254 0 -1.37745512 -0.182926208 3.80783224 1</Transform>
                </Keyframe>
                <Keyframe>
                  <Time>PT0.0166666S</Time>
                  <Transform>1 0 0 0 0 0.876331568 -0.4817083 0 0 0.4817083 0.876331568 0 -1.37745512 -0.3447101 3.705431 1</Transform>
                </Keyframe>
                <Keyframe>
                  <Time>PT0.0333333S</Time>
                  <Transform>1 0 0 0 0 0.8862514 -0.4632044 0 0 0.4632044 0.8862514 0 -1.37745512 -0.506494045 3.60302949 1</Transform>
                </Keyframe>
                <Keyframe>
                  <Time>PT0.05S</Time>
                  <Transform>1 0 0 0 0 0.8952283 -0.445607573 0 0 0.445607573 0.8952283 0 -1.37745512 -0.690893769 3.545054 1</Transform>
                </Keyframe>
                <Keyframe>
                  <Time>PT0.0666666S</Time>
                  <Transform>1 0 0 0 0 0.90385586 -0.427836955 0 0 0.427836955 0.90385586 0 -1.37745512 -0.875293553 3.48707819 1</Transform>
                </Keyframe>
                <Keyframe>
                  <Time>PT0.0833333S</Time>
                  <Transform>1 0 0 0 0 0.9136505 -0.406500369 0 0 0.406500369 0.9136505 0 -1.37745512 -0.983733654 3.32122469 1</Transform>
                </Keyframe>
                <Keyframe>
                  <Time>PT0.0999999S</Time>
                  <Transform>1 0 0 0 0 0.9229416 -0.3849397 0 0 0.3849397 0.9229416 0 -1.37745512 -1.0921737 3.15537119 1</Transform>
                </Keyframe>
                <Keyframe>
                  <Time>PT0.1166666S</Time>
                  <Transform>1 0 0 0 0 0.9350916 -0.35440582 0 0 0.35440582 0.9350916 0 -1.37745512 -1.02383256 2.74341726 1</Transform>
                </Keyframe>
                <Keyframe>
                  <Time>PT0.1333333S</Time>
                  <Transform>1 0 0 0 0 0.9462317 -0.3234893 0 0 0.3234893 0.9462317 0 -1.37745512 -0.9554914 2.331463 1</Transform>
                </Keyframe>
                <Keyframe>
                  <Time>PT0.15S</Time>
                  <Transform>1 0 0 0 0 0.96253407 -0.2711605 0 0 0.2711605 0.96253407 0 -1.37745512 -0.6668334 1.75332713 1</Transform>
                </Keyframe>
                <Keyframe>
                  <Time>PT0.1666666S</Time>
                  <Transform>1 0 0 0 0 0.9759449 -0.218017012 0 0 0.218017012 0.9759449 0 -1.37745512 -0.378175318 1.17519128 1</Transform>
                </Keyframe>
                <Keyframe>
                  <Time>PT0.1833333S</Time>
                  <Transform>1 0 0 0 0 0.987423956 -0.158094257 0 0 0.158094257 0.987423956 0 -1.37745512 -0.0163857751 0.557132959 1</Transform>
                </Keyframe>
                <Keyframe>
                  <Time>PT0.1999999S</Time>
                  <Transform>1 0 0 0 0 0.995227337 -0.09758287 0 0 0.09758287 0.995227337 0 -1.37745512 0.345403761 -0.0609254278 1</Transform>
                </Keyframe>
                <Keyframe>
                  <Time>PT0.2166666S</Time>
                  <Transform>1 0 0 0 0 0.9984694 -0.05530506 0 0 0.05530506 0.9984694 0 -1.37745512 0.5962366 -0.7062793 1</Transform>
                </Keyframe>
                <Keyframe>
                  <Time>PT0.2333333S</Time>
                  <Transform>1 0 0 0 0 0.9999164 -0.0129279541 0 0 0.0129279541 0.9999164 0 -1.37745512 0.847069442 -1.35163307 1</Transform>
                </Keyframe>
                <Keyframe>
                  <Time>PT0.2499999S</Time>
                  <Transform>1 0 0 0 0 0.999948 -0.0101873465 0 0 0.0101873465 0.999948 0 -1.37745512 0.83829546 -2.059169 1</Transform>
                </Keyframe>
                <Keyframe>
                  <Time>PT0.2666666S</Time>
                  <Transform>1 0 0 0 0 0.9999722 -0.00744666159 0 0 0.00744666159 0.9999722 0 -1.37745512 0.8295214 -2.76670527 1</Transform>
                </Keyframe>
                <Keyframe>
                  <Time>PT0.2833333S</Time>
                  <Transform>1 0 0 0 0 0.999790251 -0.020477077 0 0 0.020477077 0.999790251 0 -1.37745512 0.743496239 -3.49518538 1</Transform>
                </Keyframe>
                <Keyframe>
                  <Time>PT0.3S</Time>
                  <Transform>1 0 0 0 0 0.9994385 -0.0335040167 0 0 0.0335040167 0.9994385 0 -1.37745512 0.657471061 -4.223665 1</Transform>
                </Keyframe>
                <Keyframe>
                  <Time>PT0.3166666S</Time>
                  <Transform>1 0 0 0 0 0.9998596 -0.016754359 0 0 0.016754359 0.9998596 0 -1.37745512 0.8348801 -4.897215 1</Transform>
                </Keyframe>
                <Keyframe>
                  <Time>PT0.3333333S</Time>
                  <Transform>1 0 0 0 0 0.99999994 2.22044592E-16 0 0 -2.22044592E-16 0.99999994 0 -1.37745512 1.01228917 -5.57076454 1</Transform>
                </Keyframe>
                <Keyframe>
                  <Time>PT0.35S</Time>
                  <Transform>1 0 0 0 0 0.9977916 0.0664216951 0 0 -0.0664216951 0.9977916 0 -1.37745512 1.65805173 -6.17998362 1</Transform>
                </Keyframe>
                <Keyframe>
                  <Time>PT0.3666666S</Time>
                  <Transform>1 0 0 0 0 0.991176248 0.1325499 0 0 -0.1325499 0.991176248 0 -1.37745512 2.30381441 -6.78920269 1</Transform>
                </Keyframe>
                <Keyframe>
                  <Time>PT0.3833333S</Time>
                  <Transform>1 0 0 0 0 0.9750179 0.222126067 0 0 -0.222126067 0.9750179 0 -1.37745512 3.211767 -7.31102133 1</Transform>
                </Keyframe>
                <Keyframe>
                  <Time>PT0.3999999S</Time>
                  <Transform>1 0 0 0 0 0.950781465 0.309861928 0 0 -0.309861928 0.950781465 0 -1.37745512 4.11971951 -7.83284 1</Transform>
                </Keyframe>
                <Keyframe>
                  <Time>PT0.4166666S</Time>
                  <Transform>1 0 0 0 0 0.9180065 0.396565259 0 0 -0.396565259 0.9180065 0 -1.37745512 5.01326 -8.225313 1</Transform>
                </Keyframe>
                <Keyframe>
                  <Time>PT0.4333333S</Time>
                  <Transform>1 0 0 0 0 0.8773442 0.4798614 0 0 -0.4798614 0.8773442 0 -1.37745512 5.9068 -8.617787 1</Transform>
                </Keyframe>
                <Keyframe>
                  <Time>PT0.45S</Time>
                  <Transform>1 0 0 0 0 0.840830147 0.5412989 0 0 -0.5412989 0.840830147 0 -1.37745512 6.56252575 -8.94586 1</Transform>
                </Keyframe>
                <Keyframe>
                  <Time>PT0.4666666S</Time>
                  <Transform>1 0 0 0 0 0.800021231 0.5999716 0 0 -0.5999716 0.800021231 0 -1.37745512 7.21825171 -9.2739315 1</Transform>
                </Keyframe>
                <Keyframe>
                  <Time>PT0.4833333S</Time>
                  <Transform>1 0 0 0 0 0.783325434 0.6216117 0 0 -0.6216117 0.783325434 0 -1.37745512 7.47931862 -9.659912 1</Transform>
                </Keyframe>
                <Keyframe>
                  <Time>PT0.4999999S</Time>
                  <Transform>1 0 0 0 0 0.7660444 0.6427876 0 0 -0.6427876 0.7660444 0 -1.37745512 7.74038553 -10.0458937 1</Transform>
                </Keyframe>
                <Keyframe>
                  <Time>PT0.5166666S</Time>
                  <Transform>1 0 0 0 0 0.7635706 0.645724237 0 0 -0.645724237 0.7635706 0 -1.37745512 8.184111 -10.3934336 1</Transform>
                </Keyframe>
                <Keyframe>
                  <Time>PT0.5333333S</Time>
                  <Transform>1 0 0 0 0 0.76108557 0.648651361 0 0 -0.648651361 0.76108557 0 -1.37745512 8.627835 -10.7409735 1</Transform>
                </Keyframe>
                <Keyframe>
                  <Time>PT0.55S</Time>
                  <Transform>1 0 0 0 0 0.7557703 0.6548367 0 0 -0.6548367 0.7557703 0 -1.37745512 8.723595 -10.8925 1</Transform>
                </Keyframe>
                <Keyframe>
                  <Time>PT0.5666666S</Time>
                  <Transform>1 0 0 0 0 0.7504048 0.660978436 0 0 -0.660978436 0.7504048 0 -1.37745512 8.819354 -11.0440264 1</Transform>
                </Keyframe>
                <Keyframe>
                  <Time>PT0.5833333S</Time>
                  <Transform>1 0 0 0 0 0.750216067 0.661192656 0 0 -0.661192656 0.750216067 0 -1.37745512 8.823973 -11.025197 1</Transform>
                </Keyframe>
                <Keyframe>
                  <Time>PT0.6S</Time>
                  <Transform>1 0 0 0 0 0.750027061 0.661407 0 0 -0.661407 0.750027061 0 -1.37745512 8.82859 -11.0063677 1</Transform>
                </Keyframe>
                <Keyframe>
                  <Time>PT0.6166666S</Time>
                  <Transform>1 0 0 0 0 0.762327969 0.6471908 0 0 -0.6471908 0.762327969 0 -1.37745512 8.735199 -10.8444805 1</Transform>
                </Keyframe>
                <Keyframe>
                  <Time>PT0.6333333S</Time>
                  <Transform>1 0 0 0 0 0.7743594 0.6327459 0 0 -0.6327459 0.7743594 0 -1.37745512 8.641808 -10.6825924 1</Transform>
                </Keyframe>
                <Keyframe>
                  <Time>PT0.65S</Time>
                  <Transform>1 0 0 0 0 0.7902992 0.612721 0 0 -0.612721 0.7902992 0 -1.37745512 8.504051 -10.4528713 1</Transform>
                </Keyframe>
                <Keyframe>
                  <Time>PT0.6666666S</Time>
                  <Transform>1 0 0 0 0 0.8057213 0.592294753 0 0 -0.592294753 0.8057213 0 -1.37745512 8.366296 -10.2231493 1</Transform>
                </Keyframe>
                <Keyframe>
                  <Time>PT0.6833333S</Time>
                  <Transform>1 0 0 0 0 0.8202497 0.5720055 0 0 -0.5720055 0.8202497 0 -1.37745512 8.220478 -9.956115 1</Transform>
                </Keyframe>
                <Keyframe>
                  <Time>PT0.7S</Time>
                  <Transform>1 0 0 0 0 0.8342673 0.5513601 0 0 -0.5513601 0.8342673 0 -1.37745512 8.074659 -9.68908 1</Transform>
                </Keyframe>
                <Keyframe>
                  <Time>PT0.7166666S</Time>
                  <Transform>1 0 0 0 0 0.8475164 0.53076905 0 0 -0.53076905 0.8475164 0 -1.37745512 7.92126131 -9.38905 1</Transform>
                </Keyframe>
                <Keyframe>
                  <Time>PT0.7333333S</Time>
                  <Transform>1 0 0 0 0 0.8602573 0.5098599 0 0 -0.5098599 0.8602573 0 -1.37745512 7.76786327 -9.089018 1</Transform>
                </Keyframe>
                <Keyframe>
                  <Time>PT0.75S</Time>
                  <Transform>1 0 0 0 0 0.872336566 0.4889057 0 0 -0.4889057 0.872336566 0 -1.37745512 7.607171 -8.760162 1</Transform>
                </Keyframe>
                <Keyframe>
                  <Time>PT0.7666666S</Time>
                  <Transform>1 0 0 0 0 0.8839055 0.467665464 0 0 -0.467665464 0.8839055 0 -1.37745512 7.44647837 -8.431308 1</Transform>
                </Keyframe>
                <Keyframe>
                  <Time>PT0.7833333S</Time>
                  <Transform>1 0 0 0 0 0.8949003 0.446265936 0 0 -0.446265936 0.8949003 0 -1.37745512 7.2786026 -8.077646 1</Transform>
                </Keyframe>
                <Keyframe>
                  <Time>PT0.8S</Time>
                  <Transform>1 0 0 0 0 0.9053771 0.424608231 0 0 -0.424608231 0.9053771 0 -1.37745512 7.110727 -7.72398567 1</Transform>
                </Keyframe>
                <Keyframe>
                  <Time>PT0.8166666S</Time>
                  <Transform>1 0 0 0 0 0.91534704 0.402665734 0 0 -0.402665734 0.91534704 0 -1.37745512 6.93563271 -7.34936333 1</Transform>
                </Keyframe>
                <Keyframe>
                  <Time>PT0.8333333S</Time>
                  <Transform>1 0 0 0 0 0.9247852 0.380489469 0 0 -0.380489469 0.9247852 0 -1.37745512 6.76053858 -6.97474146 1</Transform>
                </Keyframe>
                <Keyframe>
                  <Time>PT0.85S</Time>
                  <Transform>1 0 0 0 0 0.93376255 0.357892871 0 0 -0.357892871 0.93376255 0 -1.37745512 6.578068 -6.582815 1</Transform>
                </Keyframe>
                <Keyframe>
                  <Time>PT0.8666666S</Time>
                  <Transform>1 0 0 0 0 0.9421879 0.3350847 0 0 -0.3350847 0.9421879 0 -1.37745512 6.39559746 -6.190889 1</Transform>
                </Keyframe>
                <Keyframe>
                  <Time>PT0.8833333S</Time>
                  <Transform>1 0 0 0 0 0.950176 0.3117137 0 0 -0.3117137 0.950176 0 -1.37745512 6.20549154 -5.78511047 1</Transform>
                </Keyframe>
                <Keyframe>
                  <Time>PT0.9S</Time>
                  <Transform>1 0 0 0 0 0.9575845 0.2881524 0 0 -0.2881524 0.9575845 0 -1.37745512 6.01538563 -5.37933159 1</Transform>
                </Keyframe>
                <Keyframe>
                  <Time>PT0.9166666S</Time>
                  <Transform>1 0 0 0 0 0.9645553 0.263880521 0 0 -0.263880521 0.9645553 0 -1.37745512 5.81730938 -4.96292639 1</Transform>
                </Keyframe>
                <Keyframe>
                  <Time>PT0.9333333S</Time>
                  <Transform>1 0 0 0 0 0.970911 0.239440262 0 0 -0.239440262 0.970911 0 -1.37745512 5.619233 -4.546521 1</Transform>
                </Keyframe>
                <Keyframe>
                  <Time>PT0.95S</Time>
                  <Transform>1 0 0 0 0 0.9768031 0.214139014 0 0 -0.214139014 0.9768031 0 -1.37745512 5.4128 -4.12246847 1</Transform>
                </Keyframe>
                <Keyframe>
                  <Time>PT0.9666666S</Time>
                  <Transform>1 0 0 0 0 0.982036054 0.1886931 0 0 -0.1886931 0.982036054 0 -1.37745512 5.206367 -3.69841576 1</Transform>
                </Keyframe>
                <Keyframe>
                  <Time>PT0.9833333S</Time>
                  <Transform>1 0 0 0 0 0.9867519 0.1622359 0 0 -0.1622359 0.9867519 0 -1.37745512 4.99116945 -3.26942372 1</Transform>
                </Keyframe>
                <Keyframe>
                  <Time>PT1S</Time>
                  <Transform>1 0 0 0 0 0.990755141 0.135661528 0 0 -0.135661528 0.990755141 0 -1.37745512 4.775972 -2.84043169 1</Transform>
                </Keyframe>
                <Keyframe>
                  <Time>PT1.0166666S</Time>
                  <Transform>1 0 0 0 0 0.994158566 0.107928872 0 0 -0.107928872 0.994158566 0 -1.37745512 4.551612 -2.40891075 1</Transform>
                </Keyframe>
                <Keyframe>
                  <Time>PT1.0333333S</Time>
                  <Transform>1 0 0 0 0 0.9967858 0.08011195 0 0 -0.08011195 0.9967858 0 -1.37745512 4.32725239 -1.97738969 1</Transform>
                </Keyframe>
                <Keyframe>
                  <Time>PT1.05S</Time>
                  <Transform>1 0 0 0 0 0.9986987 0.0509969741 0 0 -0.0509969741 0.9986987 0 -1.37745512 4.09338474 -1.54542613 1</Transform>
                </Keyframe>
                <Keyframe>
                  <Time>PT1.0666666S</Time>
                  <Transform>1 0 0 0 0 0.999761462 0.02183858 0 0 -0.02183858 0.999761462 0 -1.37745512 3.85951757 -1.11346269 1</Transform>
                </Keyframe>
                <Keyframe>
                  <Time>PT1.0833333S</Time>
                  <Transform>1 0 0 0 0 0.9999617 -0.008746241 0 0 0.008746241 0.9999617 0 -1.37745512 3.61589718 -0.682790339 1</Transform>
                </Keyframe>
                <Keyframe>
                  <Time>PT1.1S</Time>
                  <Transform>1 0 0 0 0 0.999226451 -0.0393230133 0 0 0.0393230133 0.999226451 0 -1.37745512 3.37227654 -0.252118021 1</Transform>
                </Keyframe>
                <Keyframe>
                  <Time>PT1.1166666S</Time>
                  <Transform>1 0 0 0 0 0.9973239 -0.07310919 0 0 0.07310919 0.9973239 0 -1.37745512 3.10665655 0.17894198 1</Transform>
                </Keyframe>
                <Keyframe>
                  <Time>PT1.1333333S</Time>
                  <Transform>1 0 0 0 0 0.9942792 -0.106811643 0 0 0.106811643 0.9942792 0 -1.37745512 2.84103656 0.610002 1</Transform>
                </Keyframe>
                <Keyframe>
                  <Time>PT1.15S</Time>
                  <Transform>1 0 0 0 0 0.9852782 -0.170958459 0 0 0.170958459 0.9852782 0 -1.37745512 2.3540926 1.10727477 1</Transform>
                </Keyframe>
                <Keyframe>
                  <Time>PT1.1666666S</Time>
                  <Transform>1 0 0 0 0 0.972143054 -0.2343881 0 0 0.2343881 0.972143054 0 -1.37745512 1.86714864 1.60454762 1</Transform>
                </Keyframe>
                <Keyframe>
                  <Time>PT1.1833333S</Time>
                  <Transform>1 0 0 0 0 0.950787663 -0.309843063 0 0 0.309843063 0.950787663 0 -1.37745512 1.294055 2.1587584 1</Transform>
                </Keyframe>
                <Keyframe>
                  <Time>PT1.2S</Time>
                  <Transform>1 0 0 0 0 0.9235853 -0.383392751 0 0 0.383392751 0.9235853 0 -1.37745512 0.720961154 2.7129693 1</Transform>
                </Keyframe>
                <Keyframe>
                  <Time>PT1.2166666S</Time>
                  <Transform>1 0 0 0 0 0.9005279 -0.434798032 0 0 0.434798032 0.9005279 0 -1.37745512 0.326264679 3.15991473 1</Transform>
                </Keyframe>
                <Keyframe>
                  <Time>PT1.2333333S</Time>
                  <Transform>1 0 0 0 0 0.8746121 -0.4848232 0 0 0.4848232 0.8746121 0 -1.37745512 -0.0684317648 3.60686016 1</Transform>
                </Keyframe>
              </Channel>
            </Channels>
          </Animation>
        </Animations>
      </Child>
      <Child>
        <Name>R_FOOT</Name>
        <OpaqueData>
          <Data Key="MaxHandle" Type="int">34</Data>
        </OpaqueData>
        <Transform>1 0 0 0 0 0.766044438 0.642787635 0 0 -0.642787635 0.766044438 0 3.6134088 0.8885716 1.165208 1</Transform>
        <Children>
          <Child>
            <Name>R_HEEL</Name>
            <OpaqueData>
              <Data Key="MaxHandle" Type="int">35</Data>
            </OpaqueData>
            <Transform>0.9999999 0 0 0 0 1 -4.56598066E-08 0 0 4.56598066E-08 1 0 0.219282627 1.82634962 0.8232109 1</Transform>
            <Children>
              <Child>
                <Name>ikHandle4</Name>
                <OpaqueData>
                  <Data Key="MaxHandle" Type="int">36</Data>
                </OpaqueData>
                <Transform>1.00000024 0 0 0 0 1 -7.34668149E-09 0 0 7.34668149E-09 1 0 -2.09831977 1.8024404 -0.903482139 1</Transform>
              </Child>
            </Children>
            <Animations>
              <Animation Key="Run">
                <Name>Run</Name>
                <Duration>PT1.25S</Duration>
                <Channels>
                  <Channel Key="R_HEEL">
                    <Keyframe>
                      <Time>PT0S</Time>
                      <Transform>0.9999999 0 0 0 0 1 -2.98023224E-08 0 0 2.98023224E-08 1 0 0 0 0 1</Transform>
                    </Keyframe>
                    <Keyframe>
                      <Time>PT0.0166666S</Time>
                      <Transform>0.9999999 0 0 0 0 1 -2.98023224E-08 0 0 2.98023224E-08 1 0 0 0 0 1</Transform>
                    </Keyframe>
                    <Keyframe>
                      <Time>PT0.0333333S</Time>
                      <Transform>0.9999999 0 0 0 0 1 -2.98023224E-08 0 0 2.98023224E-08 1 0 0 0 0 1</Transform>
                    </Keyframe>
                    <Keyframe>
                      <Time>PT0.05S</Time>
                      <Transform>0.9999999 0 0 0 0 1 -2.98023224E-08 0 0 2.98023224E-08 1 0 0 0 0 1</Transform>
                    </Keyframe>
                    <Keyframe>
                      <Time>PT0.0666666S</Time>
                      <Transform>0.9999999 0 0 0 0 1 -2.98023224E-08 0 0 2.98023224E-08 1 0 0 0 0 1</Transform>
                    </Keyframe>
                    <Keyframe>
                      <Time>PT0.0833333S</Time>
                      <Transform>0.9999999 0 0 0 0 1 -2.98023224E-08 0 0 2.98023224E-08 1 0 0 0 0 1</Transform>
                    </Keyframe>
                    <Keyframe>
                      <Time>PT0.0999999S</Time>
                      <Transform>0.9999999 0 0 0 0 1 -2.98023224E-08 0 0 2.98023224E-08 1 0 0 0 0 1</Transform>
                    </Keyframe>
                    <Keyframe>
                      <Time>PT0.1166666S</Time>
                      <Transform>0.9999999 0 0 0 0 1 -2.98023224E-08 0 0 2.98023224E-08 1 0 0 0 0 1</Transform>
                    </Keyframe>
                    <Keyframe>
                      <Time>PT0.1333333S</Time>
                      <Transform>0.9999999 0 0 0 0 1 -2.98023224E-08 0 0 2.98023224E-08 1 0 0 0 0 1</Transform>
                    </Keyframe>
                    <Keyframe>
                      <Time>PT0.15S</Time>
                      <Transform>0.9999999 0 0 0 0 1 -2.98023224E-08 0 0 2.98023224E-08 1 0 0 0 0 1</Transform>
                    </Keyframe>
                    <Keyframe>
                      <Time>PT0.1666666S</Time>
                      <Transform>0.9999999 0 0 0 0 1 -2.98023224E-08 0 0 2.98023224E-08 1 0 0 0 0 1</Transform>
                    </Keyframe>
                    <Keyframe>
                      <Time>PT0.1833333S</Time>
                      <Transform>0.9999999 0 0 0 0 1 -2.98023224E-08 0 0 2.98023224E-08 1 0 0 0 0 1</Transform>
                    </Keyframe>
                    <Keyframe>
                      <Time>PT0.1999999S</Time>
                      <Transform>0.9999999 0 0 0 0 1 -2.98023224E-08 0 0 2.98023224E-08 1 0 0 0 0 1</Transform>
                    </Keyframe>
                    <Keyframe>
                      <Time>PT0.2166666S</Time>
                      <Transform>0.9999999 0 0 0 0 1 -2.98023224E-08 0 0 2.98023224E-08 1 0 0 0 0 1</Transform>
                    </Keyframe>
                    <Keyframe>
                      <Time>PT0.2333333S</Time>
                      <Transform>0.9999999 0 0 0 0 1 -2.98023224E-08 0 0 2.98023224E-08 1 0 0 0 0 1</Transform>
                    </Keyframe>
                    <Keyframe>
                      <Time>PT0.2499999S</Time>
                      <Transform>0.9999999 0 0 0 0 1 -2.98023224E-08 0 0 2.98023224E-08 1 0 0 0 0 1</Transform>
                    </Keyframe>
                    <Keyframe>
                      <Time>PT0.2666666S</Time>
                      <Transform>0.9999999 0 0 0 0 1 -2.98023224E-08 0 0 2.98023224E-08 1 0 0 0 0 1</Transform>
                    </Keyframe>
                    <Keyframe>
                      <Time>PT0.2833333S</Time>
                      <Transform>0.9999999 0 0 0 0 1 -2.98023224E-08 0 0 2.98023224E-08 1 0 0 0 0 1</Transform>
                    </Keyframe>
                    <Keyframe>
                      <Time>PT0.3S</Time>
                      <Transform>0.9999999 0 0 0 0 1 -2.98023224E-08 0 0 2.98023224E-08 1 0 0 0 0 1</Transform>
                    </Keyframe>
                    <Keyframe>
                      <Time>PT0.3166666S</Time>
                      <Transform>0.9999999 0 0 0 0 1 -2.98023224E-08 0 0 2.98023224E-08 1 0 0 0 0 1</Transform>
                    </Keyframe>
                    <Keyframe>
                      <Time>PT0.3333333S</Time>
                      <Transform>0.9999999 0 0 0 0 1 -2.98023224E-08 0 0 2.98023224E-08 1 0 0 0 0 1</Transform>
                    </Keyframe>
                    <Keyframe>
                      <Time>PT0.35S</Time>
                      <Transform>0.9999999 0 0 0 0 1 -2.98023224E-08 0 0 2.98023224E-08 1 0 0 0 0 1</Transform>
                    </Keyframe>
                    <Keyframe>
                      <Time>PT0.3666666S</Time>
                      <Transform>0.9999999 0 0 0 0 1 -2.98023224E-08 0 0 2.98023224E-08 1 0 0 0 0 1</Transform>
                    </Keyframe>
                    <Keyframe>
                      <Time>PT0.3833333S</Time>
                      <Transform>0.9999999 0 0 0 0 1 -2.98023224E-08 0 0 2.98023224E-08 1 0 0 0 0 1</Transform>
                    </Keyframe>
                    <Keyframe>
                      <Time>PT0.3999999S</Time>
                      <Transform>0.9999999 0 0 0 0 1 -2.98023224E-08 0 0 2.98023224E-08 1 0 0 0 0 1</Transform>
                    </Keyframe>
                    <Keyframe>
                      <Time>PT0.4166666S</Time>
                      <Transform>0.9999999 0 0 0 0 1 -2.98023224E-08 0 0 2.98023224E-08 1 0 0 0 0 1</Transform>
                    </Keyframe>
                    <Keyframe>
                      <Time>PT0.4333333S</Time>
                      <Transform>0.9999999 0 0 0 0 1 -2.98023224E-08 0 0 2.98023224E-08 1 0 0 0 0 1</Transform>
                    </Keyframe>
                    <Keyframe>
                      <Time>PT0.45S</Time>
                      <Transform>0.9999999 0 0 0 0 1 -2.98023224E-08 0 0 2.98023224E-08 1 0 0 0 0 1</Transform>
                    </Keyframe>
                    <Keyframe>
                      <Time>PT0.4666666S</Time>
                      <Transform>0.9999999 0 0 0 0 1 -2.98023224E-08 0 0 2.98023224E-08 1 0 0 0 0 1</Transform>
                    </Keyframe>
                    <Keyframe>
                      <Time>PT0.4833333S</Time>
                      <Transform>0.9999999 0 0 0 0 1 -2.98023224E-08 0 0 2.98023224E-08 1 0 0 0 0 1</Transform>
                    </Keyframe>
                    <Keyframe>
                      <Time>PT0.4999999S</Time>
                      <Transform>0.9999999 0 0 0 0 1 -2.98023224E-08 0 0 2.98023224E-08 1 0 0 0 0 1</Transform>
                    </Keyframe>
                    <Keyframe>
                      <Time>PT0.5166666S</Time>
                      <Transform>0.9999999 0 0 0 0 1 -2.98023224E-08 0 0 2.98023224E-08 1 0 0 0 0 1</Transform>
                    </Keyframe>
                    <Keyframe>
                      <Time>PT0.5333333S</Time>
                      <Transform>0.9999999 0 0 0 0 1 -2.98023224E-08 0 0 2.98023224E-08 1 0 0 0 0 1</Transform>
                    </Keyframe>
                    <Keyframe>
                      <Time>PT0.55S</Time>
                      <Transform>0.9999999 0 0 0 0 1 -2.98023224E-08 0 0 2.98023224E-08 1 0 0 0 0 1</Transform>
                    </Keyframe>
                    <Keyframe>
                      <Time>PT0.5666666S</Time>
                      <Transform>0.9999999 0 0 0 0 1 -2.98023224E-08 0 0 2.98023224E-08 1 0 0 0 0 1</Transform>
                    </Keyframe>
                    <Keyframe>
                      <Time>PT0.5833333S</Time>
                      <Transform>0.9999999 0 0 0 0 1 -2.98023224E-08 0 0 2.98023224E-08 1 0 0 0 0 1</Transform>
                    </Keyframe>
                    <Keyframe>
                      <Time>PT0.6S</Time>
                      <Transform>0.9999999 0 0 0 0 1 -2.98023224E-08 0 0 2.98023224E-08 1 0 0 0 0 1</Transform>
                    </Keyframe>
                    <Keyframe>
                      <Time>PT0.6166666S</Time>
                      <Transform>0.9999999 0 0 0 0 1 -2.98023224E-08 0 0 2.98023224E-08 1 0 0 0 0 1</Transform>
                    </Keyframe>
                    <Keyframe>
                      <Time>PT0.6333333S</Time>
                      <Transform>0.9999999 0 0 0 0 1 -2.98023224E-08 0 0 2.98023224E-08 1 0 0 0 0 1</Transform>
                    </Keyframe>
                    <Keyframe>
                      <Time>PT0.65S</Time>
                      <Transform>0.9999999 0 0 0 0 1 -2.98023224E-08 0 0 2.98023224E-08 1 0 0 0 0 1</Transform>
                    </Keyframe>
                    <Keyframe>
                      <Time>PT0.6666666S</Time>
                      <Transform>0.9999999 0 0 0 0 1 -2.98023224E-08 0 0 2.98023224E-08 1 0 0 0 0 1</Transform>
                    </Keyframe>
                    <Keyframe>
                      <Time>PT0.6833333S</Time>
                      <Transform>0.9999999 0 0 0 0 1 -2.98023224E-08 0 0 2.98023224E-08 1 0 0 0 0 1</Transform>
                    </Keyframe>
                    <Keyframe>
                      <Time>PT0.7S</Time>
                      <Transform>0.9999999 0 0 0 0 1 -2.98023224E-08 0 0 2.98023224E-08 1 0 0 0 0 1</Transform>
                    </Keyframe>
                    <Keyframe>
                      <Time>PT0.7166666S</Time>
                      <Transform>0.9999999 0 0 0 0 1 -2.98023224E-08 0 0 2.98023224E-08 1 0 0 0 0 1</Transform>
                    </Keyframe>
                    <Keyframe>
                      <Time>PT0.7333333S</Time>
                      <Transform>0.9999999 0 0 0 0 1 -2.98023224E-08 0 0 2.98023224E-08 1 0 0 0 0 1</Transform>
                    </Keyframe>
                    <Keyframe>
                      <Time>PT0.75S</Time>
                      <Transform>0.9999999 0 0 0 0 1 -2.98023224E-08 0 0 2.98023224E-08 1 0 0 0 0 1</Transform>
                    </Keyframe>
                    <Keyframe>
                      <Time>PT0.7666666S</Time>
                      <Transform>0.9999999 0 0 0 0 1 -2.98023224E-08 0 0 2.98023224E-08 1 0 0 0 0 1</Transform>
                    </Keyframe>
                    <Keyframe>
                      <Time>PT0.7833333S</Time>
                      <Transform>0.9999999 0 0 0 0 1 -2.98023224E-08 0 0 2.98023224E-08 1 0 0 0 0 1</Transform>
                    </Keyframe>
                    <Keyframe>
                      <Time>PT0.8S</Time>
                      <Transform>0.9999999 0 0 0 0 1 -2.98023224E-08 0 0 2.98023224E-08 1 0 0 0 0 1</Transform>
                    </Keyframe>
                    <Keyframe>
                      <Time>PT0.8166666S</Time>
                      <Transform>0.9999999 0 0 0 0 1 -2.98023224E-08 0 0 2.98023224E-08 1 0 0 0 0 1</Transform>
                    </Keyframe>
                    <Keyframe>
                      <Time>PT0.8333333S</Time>
                      <Transform>0.9999999 0 0 0 0 1 -2.98023224E-08 0 0 2.98023224E-08 1 0 0 0 0 1</Transform>
                    </Keyframe>
                    <Keyframe>
                      <Time>PT0.85S</Time>
                      <Transform>0.9999999 0 0 0 0 1 -2.98023224E-08 0 0 2.98023224E-08 1 0 0 0 0 1</Transform>
                    </Keyframe>
                    <Keyframe>
                      <Time>PT0.8666666S</Time>
                      <Transform>0.9999999 0 0 0 0 1 -2.98023224E-08 0 0 2.98023224E-08 1 0 0 0 0 1</Transform>
                    </Keyframe>
                    <Keyframe>
                      <Time>PT0.8833333S</Time>
                      <Transform>0.9999999 0 0 0 0 1 -2.98023224E-08 0 0 2.98023224E-08 1 0 0 0 0 1</Transform>
                    </Keyframe>
                    <Keyframe>
                      <Time>PT0.9S</Time>
                      <Transform>0.9999999 0 0 0 0 1 -2.98023224E-08 0 0 2.98023224E-08 1 0 0 0 0 1</Transform>
                    </Keyframe>
                    <Keyframe>
                      <Time>PT0.9166666S</Time>
                      <Transform>0.9999999 0 0 0 0 1 -2.98023224E-08 0 0 2.98023224E-08 1 0 0 0 0 1</Transform>
                    </Keyframe>
                    <Keyframe>
                      <Time>PT0.9333333S</Time>
                      <Transform>0.9999999 0 0 0 0 1 -2.98023224E-08 0 0 2.98023224E-08 1 0 0 0 0 1</Transform>
                    </Keyframe>
                    <Keyframe>
                      <Time>PT0.95S</Time>
                      <Transform>0.9999999 0 0 0 0 1 -2.98023224E-08 0 0 2.98023224E-08 1 0 0 0 0 1</Transform>
                    </Keyframe>
                    <Keyframe>
                      <Time>PT0.9666666S</Time>
                      <Transform>0.9999999 0 0 0 0 1 -2.98023224E-08 0 0 2.98023224E-08 1 0 0 0.00155953609 0.006165608 1</Transform>
                    </Keyframe>
                    <Keyframe>
                      <Time>PT0.9833333S</Time>
                      <Transform>0.9999999 0 0 0 0 1 -2.98023224E-08 0 0 2.98023224E-08 1 0 0 0.0130656576 0.0516549274 1</Transform>
                    </Keyframe>
                    <Keyframe>
                      <Time>PT1S</Time>
                      <Transform>0.9999999 0 0 0 0 1 -2.98023224E-08 0 0 2.98023224E-08 1 0 0 0.0336005576 0.132839411 1</Transform>
                    </Keyframe>
                    <Keyframe>
                      <Time>PT1.0166666S</Time>
                      <Transform>0.9999999 0 0 0 0 1 -2.98023224E-08 0 0 2.98023224E-08 1 0 0 0.0605822764 0.239511311 1</Transform>
                    </Keyframe>
                    <Keyframe>
                      <Time>PT1.0333333S</Time>
                      <Transform>0.9999999 0 0 0 0 1 -2.98023224E-08 0 0 2.98023224E-08 1 0 0 0.091431126 0.361471921 1</Transform>
                    </Keyframe>
                    <Keyframe>
                      <Time>PT1.05S</Time>
                      <Transform>0.9999999 0 0 0 0 1 -2.98023224E-08 0 0 2.98023224E-08 1 0 0 0.123568878 0.4885281 1</Transform>
                    </Keyframe>
                    <Keyframe>
                      <Time>PT1.0666666S</Time>
                      <Transform>0.9999999 0 0 0 0 1 -2.98023224E-08 0 0 2.98023224E-08 1 0 0 0.154417753 0.6104888 1</Transform>
                    </Keyframe>
                    <Keyframe>
                      <Time>PT1.0833333S</Time>
                      <Transform>0.9999999 0 0 0 0 1 -2.98023224E-08 0 0 2.98023224E-08 1 0 0 0.18139945 0.717160642 1</Transform>
                    </Keyframe>
                    <Keyframe>
                      <Time>PT1.1S</Time>
                      <Transform>0.9999999 0 0 0 0 1 -2.98023224E-08 0 0 2.98023224E-08 1 0 0 0.201934353 0.798345149 1</Transform>
                    </Keyframe>
                    <Keyframe>
                      <Time>PT1.1166666S</Time>
                      <Transform>0.9999999 0 0 0 0 1 -2.98023224E-08 0 0 2.98023224E-08 1 0 0 0.213440463 0.8438344 1</Transform>
                    </Keyframe>
                    <Keyframe>
                      <Time>PT1.1333333S</Time>
                      <Transform>0.9999999 0 0 0 0 1 -2.98023224E-08 0 0 2.98023224E-08 1 0 0 0.21315144 0.8426918 1</Transform>
                    </Keyframe>
                    <Keyframe>
                      <Time>PT1.15S</Time>
                      <Transform>0.9999999 0 0 0 0 1 -2.98023224E-08 0 0 2.98023224E-08 1 0 0 0.199513733 0.7887752 1</Transform>
                    </Keyframe>
                    <Keyframe>
                      <Time>PT1.1666666S</Time>
                      <Transform>0.9999999 0 0 0 0 1 -2.98023224E-08 0 0 2.98023224E-08 1 0 0 0.175175622 0.6925549 1</Transform>
                    </Keyframe>
                    <Keyframe>
                      <Time>PT1.1833333S</Time>
                      <Transform>0.9999999 0 0 0 0 1 -2.98023224E-08 0 0 2.98023224E-08 1 0 0 0.143197119 0.566128135 1</Transform>
                    </Keyframe>
                    <Keyframe>
                      <Time>PT1.2S</Time>
                      <Transform>0.9999999 0 0 0 0 1 -2.98023224E-08 0 0 2.98023224E-08 1 0 0 0.106634788 0.421579361 1</Transform>
                    </Keyframe>
                    <Keyframe>
                      <Time>PT1.2166666S</Time>
                      <Transform>0.9999999 0 0 0 0 1 -2.98023224E-08 0 0 2.98023224E-08 1 0 0 0.06854367 0.270986646 1</Transform>
                    </Keyframe>
                    <Keyframe>
                      <Time>PT1.2333333S</Time>
                      <Transform>0.9999999 0 0 0 0 1 -2.98023224E-08 0 0 2.98023224E-08 1 0 0 0.03197942 0.126430273 1</Transform>
                    </Keyframe>
                  </Channel>
                </Channels>
              </Animation>
            </Animations>
          </Child>
          <Child>
            <Name>ikHandle5</Name>
            <OpaqueData>
              <Data Key="MaxHandle" Type="int">37</Data>
            </OpaqueData>
            <Transform>0.9999999 0 0 0 0 1 -4.56598066E-08 0 0 4.56598066E-08 1 0 -2.09836 0.4046032 2.28427982 1</Transform>
          </Child>
          <Child>
            <Name>R_TOE</Name>
            <OpaqueData>
              <Data Key="MaxHandle" Type="int">38</Data>
            </OpaqueData>
            <Transform>0.9999999 0 0 0 0 1 -4.56598066E-08 0 0 4.56598066E-08 1 0 -2.38418579E-07 1.2921312E-07 -1.24656026E-07 1</Transform>
            <Children>
              <Child>
                <Name>ikHandle6</Name>
                <OpaqueData>
                  <Data Key="MaxHandle" Type="int">39</Data>
                </OpaqueData>
                <Transform>1.00000024 0 0 0 0 1 -7.34668149E-09 0 0 7.34668149E-09 1 0 -2.09835029 0.302320868 3.93782043 1</Transform>
              </Child>
            </Children>
          </Child>
        </Children>
